1920 10 0.75 0 100 109.885 5.87705 21714.2 422.531
1408 20 0.75 0 100 76.3621 5.87705 21714.2 587.258
3200 30 0.75 0 100 61.2426 5.87705 21714.2 706.475
2688 40 0.75 0 100 52.0776 5.87705 21714.2 801
4224 50 0.75 0 100 45.7255 5.87705 21714.2 879.124
5248 60 0.75 0 100 40.9702 5.87705 21714.2 945.238
6272 70 0.75 0 100 37.2204 5.87705 21714.2 1001.85
5248 80 0.75 0 100 34.1598 5.87705 21714.2 1050.82
8320 90 0.75 0 100 31.593 5.87705 21714.2 1093.34
34176 100 0.75 0 100 29.3971 5.87705 21714.2 1130.38
16768 110 0.75 0 100 27.4862 5.87705 21714.2 1162.6
33408 120 0.75 0 100 25.8016 5.87705 21714.2 1190.56
8704 130 0.75 0 100 24.2784 5.87705 21714.2 1213.63
4352 140 0.75 0 100 22.9273 5.87705 21714.2 1234.25
16896 150 0.75 0 100 21.702 5.87705 21714.2 1251.73
5376 160 0.75 0 100 20.5855 5.87705 21714.2 1266.49
9472 170 0.75 0 100 19.5613 5.87705 21714.2 1278.7
2816 180 0.75 0 100 18.6174 5.87705 21714.2 1288.58
2304 190 0.75 0 100 17.7438 5.87705 21714.2 1296.35
6400 200 0.75 0 100 16.9314 5.87705 21714.2 1302.1
5376 210 0.75 0 100 16.1747 5.87705 21714.2 1306.11
2688 220 0.75 0 100 15.4661 5.87705 21714.2 1308.36
4864 230 0.75 0 100 14.8016 5.87705 21714.2 1309.05
10752 240 0.75 0 100 14.1689 5.87705 21714.2 1307.59
4608 250 0.75 0 100 13.5809 5.87705 21714.2 1305.54
2816 260 0.75 0 100 13.0261 5.87705 21714.2 1302.3
3072 270 0.75 0 100 12.5015 5.87705 21714.2 1297.92
2048 280 0.75 0 100 12.005 5.87705 21714.2 1292.53
5120 290 0.75 0 100 11.5342 5.87705 21714.2 1286.2
1664 300 0.75 0 100 10.7736 5.87705 21714.2 1242.8
2688 310 0.75 0 100 10.3352 5.87705 21714.2 1231.97
3200 320 0.75 0 100 9.9213 5.87705 21714.2 1220.79
2048 330 0.75 0 100 9.87283 5.87705 21714.2 1252.79
9856 340 0.75 0 100 9.50547 5.87705 21714.2 1242.72
5632 350 0.75 0 100 9.15461 5.87705 21714.2 1232.05
4608 360 0.75 0 100 8.81917 5.87705 21714.2 1220.82
4096 370 0.75 0 100 8.49654 5.87705 21714.2 1208.83
4096 380 0.75 0 100 8.19075 5.87705 21714.2 1196.82
3328 390 0.75 0 100 7.898 5.87705 21714.2 1184.41
2304 400 0.75 0 100 7.61781 5.87705 21714.2 1171.69
3584 410 0.75 0 100 7.34955 5.87705 21714.2 1158.69
1792 420 0.75 0 100 6.94451 5.87705 21714.2 1121.53
1664 430 0.75 0 100 6.69182 5.87705 21714.2 1106.46
3584 440 0.75 0 100 6.4505 5.87705 21714.2 1091.36
4608 450 0.75 0 100 6.38268 5.87705 21714.2 1104.43
3072 460 0.75 0 100 6.16476 5.87705 21714.2 1090.42
4096 470 0.75 0 100 5.95542 5.87705 21714.2 1076.3
3584 480 0.75 0 100 5.75425 5.87705 21714.2 1062.07
10240 490 0.75 0 100 5.56086 5.87705 21714.2 1047.76
1792 500 0.75 0 100 5.37476 5.87705 21714.2 1033.36
5120 510 0.75 0 100 5.19575 5.87705 21714.2 1018.92
5120 520 0.75 0 100 5.02422 5.87705 21714.2 1004.6
3328 530 0.75 0 100 4.85936 5.87705 21714.2 990.322
6656 540 0.75 0 100 4.63175 5.87705 21714.2 961.746
4608 550 0.75 0 100 4.47543 5.87705 21714.2 946.497
6656 560 0.75 0 100 4.32555 5.87705 21714.2 931.432
4864 570 0.75 0 100 4.18183 5.87705 21714.2 916.565
2560 580 0.75 0 100 4.04415 5.87705 21714.2 901.939
3072 590 0.75 0 100 3.99193 5.87705 21714.2 905.643
3584 600 0.75 0 100 3.86552 5.87705 21714.2 891.828
3584 610 0.75 0 100 3.74371 5.87705 21714.2 878.119
4608 620 0.75 0 100 3.62631 5.87705 21714.2 864.526
5120 630 0.75 0 100 3.51302 5.87705 21714.2 851.027
6400 640 0.75 0 100 3.40375 5.87705 21714.2 837.645
6656 650 0.75 0 100 3.29838 5.87705 21714.2 824.395
1536 660 0.75 0 100 3.16655 5.87705 21714.2 803.622
3328 670 0.75 0 100 3.06686 5.87705 21714.2 790.114
2560 680 0.75 0 100 2.97088 5.87705 21714.2 776.812
3584 690 0.75 0 100 2.87864 5.87705 21714.2 763.763
3072 700 0.75 0 100 2.78981 5.87705 21714.2 750.922
5504 710 0.75 0 100 2.70451 5.87705 21714.2 738.359
5632 720 0.75 0 100 2.6225 5.87705 21714.2 726.054
5120 730 0.75 0 100 2.5832 5.87705 21714.2 725.109
8960 740 0.75 0 100 2.50726 5.87705 21714.2 713.433
6656 750 0.75 0 100 2.43396 5.87705 21714.2 701.935
5632 760 0.75 0 100 2.36316 5.87705 21714.2 690.603
4864 770 0.75 0 100 2.29475 5.87705 21714.2 679.433
7168 780 0.75 0 100 2.21538 5.87705 21714.2 664.452
5120 790 0.75 0 100 2.15057 5.87705 21714.2 653.284
7168 800 0.75 0 100 2.08799 5.87705 21714.2 642.304
4608 810 0.75 0 100 2.02762 5.87705 21714.2 631.529
6144 820 0.75 0 100 1.96941 5.87705 21714.2 620.971
3584 830 0.75 0 100 1.91324 5.87705 21714.2 610.618
8192 840 0.75 0 100 1.85912 5.87705 21714.2 600.494
6656 850 0.75 0 100 1.80699 5.87705 21714.2 590.603
6400 860 0.75 0 100 1.75674 5.87705 21714.2 580.936
3584 870 0.75 0 100 1.70834 5.87705 21714.2 571.497
6144 880 0.75 0 100 1.67687 5.87705 21714.2 567.418
6656 890 0.75 0 100 1.63103 5.87705 21714.2 558.18
6656 900 0.75 0 100 1.58672 5.87705 21714.2 549.116
6400 910 0.75 0 100 1.54392 5.87705 21714.2 540.241
4864 920 0.75 0 100 1.50243 5.87705 21714.2 531.501
4608 930 0.75 0 100 1.46232 5.87705 21714.2 522.935
8704 940 0.75 0 100 1.42355 5.87705 21714.2 514.544
6656 950 0.75 0 100 1.38607 5.87705 21714.2 506.328
5120 960 0.75 0 100 1.34982 5.87705 21714.2 498.273
8192 970 0.75 0 100 1.31481 5.87705 21714.2 490.405
8192 980 0.75 0 100 1.28096 5.87705 21714.2 482.708
4608 990 0.75 0 100 1.2483 5.87705 21714.2 475.201
5376 1000 0.75 0 100 1.2167 5.87705 21714.2 467.847
