0 0 0.00380609 0 0 0.00249813 0.000709438 0.00134619 0.00125175 0.00119775 0.00147272 0.00046145 0.00152983 0.000841971 0.00104441 0.00158731 0.00107172 0.00116843 0.00135223 0.00115367 
0 0 0.00359119 0 0.00262152 0.000233726 0.00175238 0.000693692 0.00110697 0.00112132 0.00114869 0.00114535 0.00112354 0.00108964 0.00127013 0.00120666 0.00124462 0.00109652 0.00149673 0.00104766 
0 0.0022369 0.00082614 1.40879e-005 0.00264836 0 0.0022125 0.000535213 0.00131528 0.00116399 0.00104953 0.00124696 0.000999357 0.00120437 0.00116341 0.00134646 0.00105013 0.00139139 0.00110287 0.00146251 
0 0.00267871 0 0.000941605 0.00150976 0.00163037 0.000317277 0.00169681 0.000790642 0.0012004 0.00129917 0.00120993 0.000837882 0.00127871 0.00164889 0.000882867 0.00146334 0.00112214 0.00133635 0.00104447 
0 0.00246031 0 0.00208967 0.000647593 0.00121387 0.00121196 0.00104408 0.00113993 0.00120585 0.00117454 0.0012142 0.00127101 0.00111447 0.00130107 0.00121821 0.00128404 0.00115568 0.00125914 0.00140227 
0 0.00228154 0.00164256 0.000490686 0.00129914 0.00104959 0.00126352 0.00105322 0.00107491 0.00116677 0.00126193 0.00114454 0.00115363 0.00123411 0.00130563 0.00116464 0.00117847 0.00141966 0.00131275 0.00103574 
0.00171141 0.000432476 0.00181432 0.00145685 0.00111976 0.00086579 0.00100889 0.00114359 0.00114469 0.00117397 0.00106726 0.00121984 0.00121725 0.00134139 0.00129104 0.00127767 0.00128483 0.00128016 0.0013213 0.00147909 
0.00195328 0.000159118 0.00151174 0.00137641 0.00132628 0.00137116 0.00106433 0.00105444 0.00115002 0.00111705 0.00119545 0.00124453 0.00128249 0.00130951 0.00140244 0.00140208 0.00145101 0.00148831 0.00152944 0.00157011 
0.00185411 0.00159137 0.0008597 0.0013509 0.00104787 0.00110599 0.00112861 0.00110768 0.00110596 0.00116436 0.00129307 0.00145295 0.00178878 0.00203171 0.00189563 0.00185248 0.00175757 0.00168988 0.0015584 0.00154929 
0.00181306 0.00153168 0.00121785 0.00100086 0.000845999 0.00130738 0.00114602 0.00106321 0.00110643 0.0012533 0.00104542 0.000705207 0.00029619 0 0 0 0 0 0 0 
0.00187969 0.00159052 0.00126775 0.00104199 0.000977525 0.00134372 0.00113244 0.00111618 0.00113791 0.00130491 0.0010456 0.000705625 0.000300889 0 0 0 0 0 0 0 
0.00185418 0.00159218 0.000884715 0.00132779 0.00104852 0.0011069 0.00112918 0.00111307 0.00110146 0.0011622 0.00129734 0.00145345 0.00180723 0.00199616 0.00190945 0.00183483 0.00177493 0.00168974 0.0015588 0.00148219 
0.00195329 0.000159118 0.00151174 0.00137641 0.0013263 0.00137118 0.00106433 0.00105444 0.00115003 0.00111705 0.00119544 0.00124784 0.00127916 0.0013095 0.0013911 0.00140727 0.00145715 0.0014883 0.00152943 0.00157008 
0.00171141 0.000432476 0.00181434 0.00145687 0.00111976 0.000865791 0.00100889 0.00114359 0.00114469 0.00117398 0.00106726 0.00121985 0.00121726 0.00134139 0.00129105 0.00127769 0.00128435 0.00127452 0.00132746 0.00147298 
0 0.00228156 0.00164256 0.000490686 0.00129914 0.0010496 0.00126352 0.00105322 0.00107491 0.00116677 0.00126193 0.00114454 0.00115363 0.00123411 0.00130562 0.00116464 0.00118245 0.0014105 0.00131795 0.00103574 
0 0.00246032 0 0.00208967 0.000647594 0.00121388 0.00121196 0.00104408 0.00113993 0.00120585 0.00117454 0.0012142 0.00127101 0.00111447 0.00130107 0.0012182 0.00128403 0.00115567 0.00126312 0.00140226 
0 0.00267871 0 0.000941605 0.00150976 0.00163037 0.000317278 0.00169681 0.000790641 0.0012004 0.00129917 0.00120993 0.000837883 0.00127871 0.00164889 0.000882864 0.00146334 0.00112213 0.00133636 0.00104446 
0 0.0022369 0.000826139 1.40902e-005 0.00264837 0 0.0022125 0.000535216 0.00131528 0.00116399 0.00104953 0.00124696 0.000999359 0.00120437 0.00116341 0.00134646 0.00105013 0.00139139 0.00110287 0.00146251 
0 0 0.00359119 0 0.00262152 0.000233727 0.00175238 0.000693694 0.00110697 0.00112133 0.00114869 0.00114535 0.00112354 0.00108964 0.00127012 0.00120667 0.00124462 0.00109652 0.00149673 0.00104766 
0 0 0.00380609 0 0 0.00249813 0.00070944 0.00134619 0.00125175 0.00119775 0.00147272 0.000461449 0.00152983 0.000841972 0.00104441 0.00158731 0.00107172 0.00116843 0.00135222 0.00115367 
